[0, 1721, 0, 1154]
[1, 1720, 1, 1153]
[2, 1719, 2, 1152]
[3, 1718, 3, 1151]
[4, 1717, 4, 1150]
[5, 1716, 5, 1149]
[6, 1715, 6, 1148]
[7, 1714, 7, 1147]
[8, 1713, 8, 1146]
[9, 1712, 9, 1145]
[10, 1711, 10, 1144]
[11, 1710, 11, 1143]
[12, 1709, 12, 1142]
[13, 1708, 13, 1141]
[14, 1707, 14, 1140]
[15, 1706, 15, 1139]
[16, 1705, 16, 1138]
[17, 1704, 17, 1137]
[18, 1703, 18, 1136]
[19, 1702, 19, 1135]
[20, 1701, 20, 1134]
[21, 1700, 21, 1133]
[22, 1699, 22, 1132]
[23, 1698, 23, 1131]
[24, 1697, 24, 1130]
[25, 1696, 25, 1129]
[26, 1695, 26, 1128]
[27, 1694, 27, 1127]
[28, 1693, 28, 1126]
[29, 1692, 29, 1125]
[30, 1691, 30, 1124]
[31, 1690, 31, 1123]
[32, 1689, 32, 1122]
[33, 1688, 33, 1121]
[34, 1687, 34, 1120]
[35, 1686, 35, 1119]
[36, 1685, 36, 1118]
[37, 1684, 37, 1117]
[38, 1683, 38, 1116]
[39, 1682, 39, 1115]
[40, 1681, 40, 1114]
[41, 1680, 41, 1113]
[42, 1679, 42, 1112]
[43, 1678, 43, 1111]
[44, 1677, 44, 1110]
[45, 1676, 45, 1109]
[46, 1675, 46, 1108]
[47, 1674, 47, 1107]
[48, 1673, 48, 1106]
[49, 1672, 49, 1105]
[50, 1671, 50, 1104]
[51, 1670, 51, 1103]
[52, 1669, 52, 1102]
[53, 1668, 53, 1101]
[54, 1667, 54, 1100]
[55, 1666, 55, 1099]
[56, 1665, 56, 1098]
[57, 1664, 57, 1097]
[58, 1663, 58, 1096]
[59, 1662, 59, 1095]
[60, 1661, 60, 1094]
[61, 1660, 61, 1093]
[62, 1659, 62, 1092]
[63, 1658, 63, 1091]
[64, 1657, 64, 1090]
[65, 1656, 65, 1089]
[66, 1655, 66, 1088]
[67, 1654, 67, 1087]
[68, 1653, 68, 1086]
[69, 1652, 69, 1085]
[70, 1651, 70, 1084]
[71, 1650, 71, 1083]
[72, 1649, 72, 1082]
[73, 1648, 73, 1081]
[74, 1647, 74, 1080]
[75, 1646, 75, 1079]
[76, 1645, 76, 1078]
[77, 1644, 77, 1077]
[78, 1643, 78, 1076]
[79, 1642, 79, 1075]
[80, 1641, 80, 1074]
[81, 1640, 81, 1073]
[82, 1639, 82, 1072]
[83, 1638, 83, 1071]
[84, 1637, 84, 1070]
[85, 1636, 85, 1069]
[86, 1635, 86, 1068]
[87, 1634, 87, 1067]
[88, 1633, 88, 1066]
[89, 1632, 89, 1065]
[90, 1631, 90, 1064]
[91, 1630, 91, 1063]
[92, 1629, 92, 1062]
[93, 1628, 93, 1061]
[94, 1627, 94, 1060]
[95, 1626, 95, 1059]
[96, 1625, 96, 1058]
[97, 1624, 97, 1057]
[98, 1623, 98, 1056]
[99, 1622, 99, 1055]
[100, 1621, 100, 1054]
[101, 1620, 101, 1053]
[102, 1619, 102, 1052]
[103, 1618, 103, 1051]
[104, 1617, 104, 1050]
[105, 1616, 105, 1049]
[106, 1615, 106, 1048]
[107, 1614, 107, 1047]
[108, 1613, 108, 1046]
[109, 1612, 109, 1045]
[110, 1611, 110, 1044]
[111, 1610, 111, 1043]
[112, 1609, 112, 1042]
[113, 1608, 113, 1041]
[113, 1607, 113, 1040]
[113, 1606, 113, 1039]
[113, 1605, 113, 1038]
[113, 1604, 113, 1037]
[114, 1603, 114, 1036]
[114, 1602, 114, 1035]
[114, 1601, 114, 1034]
[114, 1600, 114, 1033]
[114, 1599, 114, 1032]
[115, 1598, 115, 1031]
[116, 1597, 116, 1030]
[117, 1596, 117, 1029]
[118, 1595, 118, 1028]
[119, 1594, 119, 1027]
[120, 1593, 120, 1026]
[121, 1592, 121, 1025]
[122, 1591, 122, 1024]
[123, 1590, 123, 1023]
[124, 1589, 124, 1022]
[125, 1588, 125, 1021]
[126, 1587, 126, 1020]
[127, 1586, 127, 1019]
[128, 1585, 128, 1018]
[129, 1584, 129, 1017]
[130, 1583, 130, 1016]
[131, 1582, 131, 1015]
[132, 1581, 132, 1014]
[133, 1580, 133, 1013]
[134, 1579, 134, 1012]
[135, 1578, 135, 1011]
[136, 1577, 136, 1010]
[137, 1576, 137, 1009]
[138, 1575, 138, 1008]
[139, 1574, 139, 1007]
[140, 1573, 140, 1006]
[141, 1572, 141, 1005]
[142, 1571, 142, 1004]
[143, 1570, 143, 1003]
[144, 1569, 144, 1002]
[145, 1568, 145, 1001]
[146, 1567, 146, 1000]
[147, 1566, 147, 999]
[148, 1565, 148, 998]
[149, 1564, 149, 997]
[150, 1563, 150, 996]
[151, 1562, 151, 995]
[152, 1561, 152, 994]
[153, 1560, 153, 993]
[154, 1559, 154, 992]
[155, 1558, 155, 991]
[156, 1557, 156, 990]
[157, 1556, 157, 989]
[158, 1555, 158, 988]
[159, 1554, 159, 987]
[160, 1553, 160, 986]
[161, 1552, 161, 985]
[162, 1551, 162, 984]
[163, 1550, 163, 983]
[164, 1549, 164, 982]
[165, 1548, 165, 981]
[166, 1547, 166, 980]
[167, 1546, 167, 979]
[168, 1545, 168, 978]
[169, 1544, 169, 977]
[170, 1543, 170, 976]
[171, 1542, 171, 975]
[172, 1541, 172, 974]
[173, 1540, 173, 973]
[174, 1539, 174, 972]
[175, 1538, 175, 971]
[176, 1537, 176, 970]
[177, 1536, 177, 969]
[178, 1535, 178, 968]
[179, 1534, 179, 967]
[180, 1533, 180, 966]
[181, 1532, 181, 965]
[182, 1531, 182, 964]
[183, 1530, 183, 963]
[184, 1529, 184, 962]
[185, 1528, 185, 961]
[186, 1527, 186, 960]
[187, 1526, 187, 959]
[188, 1525, 188, 958]
[189, 1524, 189, 957]
[190, 1523, 190, 956]
[191, 1522, 191, 955]
[192, 1521, 192, 954]
[193, 1520, 193, 953]
[194, 1519, 194, 952]
[195, 1518, 195, 951]
[196, 1517, 196, 950]
[197, 1516, 197, 949]
[198, 1515, 198, 948]
[199, 1514, 199, 947]
[200, 1513, 200, 946]
[201, 1512, 201, 945]
[202, 1511, 202, 944]
[203, 1510, 203, 943]
[204, 1509, 204, 942]
[205, 1508, 205, 941]
[206, 1507, 206, 940]
[207, 1506, 207, 939]
[208, 1505, 208, 938]
[209, 1504, 209, 937]
[210, 1503, 210, 936]
[211, 1502, 211, 935]
[212, 1501, 212, 934]
[213, 1500, 213, 933]
[214, 1499, 214, 932]
[215, 1498, 215, 931]
[216, 1497, 216, 930]
[217, 1496, 217, 929]
[218, 1495, 218, 928]
[219, 1494, 219, 927]
[220, 1493, 220, 926]
[221, 1492, 221, 925]
[222, 1491, 222, 924]
[223, 1490, 223, 923]
[224, 1489, 224, 922]
[225, 1488, 225, 921]
[226, 1487, 226, 920]
[227, 1486, 227, 919]
[228, 1485, 228, 918]
[229, 1484, 229, 917]
[230, 1483, 230, 916]
[231, 1482, 231, 915]
[232, 1481, 232, 914]
[233, 1480, 233, 913]
[234, 1479, 234, 912]
[235, 1478, 235, 911]
[236, 1477, 236, 910]
[237, 1476, 237, 909]
[238, 1475, 238, 908]
[239, 1474, 239, 907]
[240, 1473, 240, 906]
[241, 1472, 241, 905]
[242, 1471, 242, 904]
[243, 1470, 243, 903]
[244, 1469, 244, 902]
[245, 1468, 245, 901]
[246, 1467, 246, 900]
[247, 1466, 247, 899]
[248, 1465, 248, 898]
[249, 1464, 249, 897]
[250, 1463, 250, 896]
[251, 1462, 251, 895]
[252, 1461, 252, 894]
[253, 1460, 253, 893]
[254, 1459, 254, 892]
[255, 1458, 255, 891]
[256, 1457, 256, 890]
[257, 1456, 257, 889]
[258, 1455, 258, 888]
[259, 1454, 259, 887]
[260, 1453, 260, 886]
[261, 1452, 261, 885]
[262, 1451, 262, 884]
[263, 1450, 263, 883]
[264, 1449, 264, 882]
[265, 1448, 265, 881]
[266, 1447, 266, 880]
[267, 1446, 267, 879]
[268, 1445, 268, 878]
[269, 1444, 269, 877]
[270, 1443, 270, 876]
[271, 1442, 271, 875]
[272, 1441, 272, 874]
[273, 1440, 273, 873]
[274, 1439, 274, 872]
[275, 1438, 275, 871]
[276, 1437, 276, 870]
[277, 1436, 277, 869]
[278, 1435, 278, 868]
[279, 1434, 279, 867]
[280, 1433, 280, 866]
[281, 1432, 281, 865]
[282, 1431, 282, 864]
[283, 1430, 283, 863]
[284, 1429, 284, 862]
[285, 1428, 285, 861]
[286, 1427, 286, 860]
[287, 1426, 287, 859]
[288, 1425, 288, 858]
[289, 1424, 289, 857]
[290, 1423, 290, 856]
[291, 1422, 291, 855]
[292, 1421, 292, 854]
[293, 1420, 293, 853]
[294, 1419, 294, 852]
[295, 1418, 295, 851]
[296, 1417, 296, 850]
[297, 1416, 297, 849]
[298, 1415, 298, 848]
[299, 1414, 299, 847]
[300, 1413, 300, 846]
[300, 1412, 300, 845]
[301, 1411, 301, 844]
[302, 1410, 302, 843]
[303, 1409, 303, 842]
[304, 1408, 304, 841]
[305, 1407, 305, 840]
[306, 1406, 306, 839]
[307, 1405, 307, 838]
[308, 1404, 308, 837]
[309, 1403, 309, 836]
[310, 1402, 310, 835]
[311, 1401, 311, 834]
[312, 1400, 312, 833]
[313, 1399, 313, 832]
[314, 1398, 314, 831]
[315, 1397, 315, 830]
[316, 1396, 316, 829]
[317, 1395, 317, 828]
[318, 1394, 318, 827]
[319, 1393, 319, 826]
[320, 1392, 320, 825]
[321, 1391, 321, 824]
[322, 1390, 322, 823]
[323, 1389, 323, 822]
[324, 1388, 324, 821]
[325, 1387, 325, 820]
[326, 1386, 326, 819]
[327, 1385, 327, 818]
[328, 1384, 328, 817]
[329, 1383, 329, 816]
[330, 1382, 330, 815]
[331, 1381, 331, 814]
[332, 1380, 332, 813]
[333, 1379, 333, 812]
[334, 1378, 334, 811]
[335, 1377, 335, 810]
[336, 1376, 336, 809]
[337, 1375, 337, 808]
[338, 1374, 338, 807]
[339, 1373, 339, 806]
[340, 1372, 340, 805]
[341, 1371, 341, 804]
[342, 1370, 342, 803]
[343, 1369, 343, 802]
[344, 1368, 344, 801]
[345, 1367, 345, 800]
[346, 1366, 346, 799]
[347, 1365, 347, 798]
[348, 1364, 348, 797]
[349, 1363, 349, 796]
[350, 1362, 350, 795]
[351, 1361, 351, 794]
[352, 1360, 352, 793]
[353, 1359, 353, 792]
[354, 1358, 354, 791]
[355, 1357, 355, 790]
[356, 1356, 356, 789]
[357, 1355, 357, 788]
[358, 1354, 358, 787]
[359, 1353, 359, 786]
[360, 1352, 360, 785]
[361, 1351, 361, 784]
[362, 1350, 362, 783]
[363, 1349, 363, 782]
[364, 1348, 364, 781]
[365, 1347, 365, 780]
[366, 1346, 366, 779]
[367, 1345, 367, 778]
[0, 1721, 0, 1154]
[1, 1720, 1, 1153]
[2, 1719, 2, 1152]
[3, 1718, 3, 1151]
[4, 1717, 4, 1150]
[5, 1716, 5, 1149]
[6, 1715, 6, 1148]
[7, 1714, 7, 1147]
[8, 1713, 8, 1146]
[9, 1712, 9, 1145]
[10, 1711, 10, 1144]
[11, 1710, 11, 1143]
[12, 1709, 12, 1142]
[13, 1708, 13, 1141]
[14, 1707, 14, 1140]
[15, 1706, 15, 1139]
[16, 1705, 16, 1138]
[17, 1704, 17, 1137]
[18, 1703, 18, 1136]
[19, 1702, 19, 1135]
[20, 1701, 20, 1134]
[21, 1700, 21, 1133]
[22, 1699, 22, 1132]
[23, 1698, 23, 1131]
[24, 1697, 24, 1130]
[25, 1696, 25, 1129]
[26, 1695, 26, 1128]
[27, 1694, 27, 1127]
[28, 1693, 28, 1126]
[29, 1692, 29, 1125]
[30, 1691, 30, 1124]
[31, 1690, 31, 1123]
[32, 1689, 32, 1122]
[33, 1688, 33, 1121]
[34, 1687, 34, 1120]
[35, 1686, 35, 1119]
[36, 1685, 36, 1118]
[37, 1684, 37, 1117]
[38, 1683, 38, 1116]
[39, 1682, 39, 1115]
[40, 1681, 40, 1114]
[41, 1680, 41, 1113]
[42, 1679, 42, 1112]
[43, 1678, 43, 1111]
[44, 1677, 44, 1110]
[45, 1676, 45, 1109]
[46, 1675, 46, 1108]
[47, 1674, 47, 1107]
[48, 1673, 48, 1106]
[49, 1672, 49, 1105]
[50, 1671, 50, 1104]
[51, 1670, 51, 1103]
[52, 1669, 52, 1102]
[53, 1668, 53, 1101]
[54, 1667, 54, 1100]
[55, 1666, 55, 1099]
[56, 1665, 56, 1098]
[57, 1664, 57, 1097]
[58, 1663, 58, 1096]
[59, 1662, 59, 1095]
[60, 1661, 60, 1094]
[61, 1660, 61, 1093]
[62, 1659, 62, 1092]
[63, 1658, 63, 1091]
[64, 1657, 64, 1090]
[65, 1656, 65, 1089]
[66, 1655, 66, 1088]
[67, 1654, 67, 1087]
[68, 1653, 68, 1086]
[69, 1652, 69, 1085]
[70, 1651, 70, 1084]
[71, 1650, 71, 1083]
[72, 1649, 72, 1082]
[73, 1648, 73, 1081]
[74, 1647, 74, 1080]
[75, 1646, 75, 1079]
[76, 1645, 76, 1078]
[77, 1644, 77, 1077]
[78, 1643, 78, 1076]
[79, 1642, 79, 1075]
[80, 1641, 80, 1074]
[81, 1640, 81, 1073]
[82, 1639, 82, 1072]
[83, 1638, 83, 1071]
[84, 1637, 84, 1070]
[85, 1636, 85, 1069]
[86, 1635, 86, 1068]
[87, 1634, 87, 1067]
[88, 1633, 88, 1066]
[89, 1632, 89, 1065]
[90, 1631, 90, 1064]
[91, 1630, 91, 1063]
[92, 1629, 92, 1062]
[93, 1628, 93, 1061]
[94, 1627, 94, 1060]
[95, 1626, 95, 1059]
[96, 1625, 96, 1058]
[97, 1624, 97, 1057]
[98, 1623, 98, 1056]
[99, 1622, 99, 1055]
[100, 1621, 100, 1054]
[101, 1620, 101, 1053]
[102, 1619, 102, 1052]
[103, 1618, 103, 1051]
[104, 1617, 104, 1050]
[105, 1616, 105, 1049]
[106, 1615, 106, 1048]
[107, 1614, 107, 1047]
[108, 1613, 108, 1046]
[109, 1612, 109, 1045]
[110, 1611, 110, 1044]
[111, 1610, 111, 1043]
[112, 1609, 112, 1042]
[113, 1608, 113, 1041]
[113, 1607, 113, 1040]
[113, 1606, 113, 1039]
[113, 1605, 113, 1038]
[113, 1604, 113, 1037]
[114, 1603, 114, 1036]
[114, 1602, 114, 1035]
[114, 1601, 114, 1034]
[114, 1600, 114, 1033]
[114, 1599, 114, 1032]
[115, 1598, 115, 1031]
[116, 1597, 116, 1030]
[117, 1596, 117, 1029]
[118, 1595, 118, 1028]
[119, 1594, 119, 1027]
[120, 1593, 120, 1026]
[121, 1592, 121, 1025]
[122, 1591, 122, 1024]
[123, 1590, 123, 1023]
[124, 1589, 124, 1022]
[125, 1588, 125, 1021]
[126, 1587, 126, 1020]
[127, 1586, 127, 1019]
[128, 1585, 128, 1018]
[129, 1584, 129, 1017]
[130, 1583, 130, 1016]
[131, 1582, 131, 1015]
[132, 1581, 132, 1014]
[133, 1580, 133, 1013]
[134, 1579, 134, 1012]
[135, 1578, 135, 1011]
[136, 1577, 136, 1010]
[137, 1576, 137, 1009]
[138, 1575, 138, 1008]
[139, 1574, 139, 1007]
[140, 1573, 140, 1006]
[141, 1572, 141, 1005]
[142, 1571, 142, 1004]
[143, 1570, 143, 1003]
[144, 1569, 144, 1002]
[145, 1568, 145, 1001]
[146, 1567, 146, 1000]
[147, 1566, 147, 999]
[148, 1565, 148, 998]
[149, 1564, 149, 997]
[150, 1563, 150, 996]
[151, 1562, 151, 995]
[152, 1561, 152, 994]
[153, 1560, 153, 993]
[154, 1559, 154, 992]
[155, 1558, 155, 991]
[156, 1557, 156, 990]
[157, 1556, 157, 989]
[158, 1555, 158, 988]
[159, 1554, 159, 987]
[160, 1553, 160, 986]
[161, 1552, 161, 985]
[162, 1551, 162, 984]
[163, 1550, 163, 983]
[164, 1549, 164, 982]
[165, 1548, 165, 981]
[166, 1547, 166, 980]
[167, 1546, 167, 979]
[168, 1545, 168, 978]
[169, 1544, 169, 977]
[170, 1543, 170, 976]
[171, 1542, 171, 975]
[172, 1541, 172, 974]
[173, 1540, 173, 973]
[174, 1539, 174, 972]
[175, 1538, 175, 971]
[176, 1537, 176, 970]
[177, 1536, 177, 969]
[178, 1535, 178, 968]
[179, 1534, 179, 967]
[180, 1533, 180, 966]
[181, 1532, 181, 965]
[182, 1531, 182, 964]
[183, 1530, 183, 963]
[184, 1529, 184, 962]
[185, 1528, 185, 961]
[186, 1527, 186, 960]
[187, 1526, 187, 959]
[188, 1525, 188, 958]
[189, 1524, 189, 957]
[190, 1523, 190, 956]
[191, 1522, 191, 955]
[192, 1521, 192, 954]
[193, 1520, 193, 953]
[194, 1519, 194, 952]
[195, 1518, 195, 951]
[196, 1517, 196, 950]
[197, 1516, 197, 949]
[198, 1515, 198, 948]
[199, 1514, 199, 947]
[200, 1513, 200, 946]
[201, 1512, 201, 945]
[202, 1511, 202, 944]
[203, 1510, 203, 943]
[204, 1509, 204, 942]
[205, 1508, 205, 941]
[206, 1507, 206, 940]
[207, 1506, 207, 939]
[208, 1505, 208, 938]
[209, 1504, 209, 937]
[210, 1503, 210, 936]
[211, 1502, 211, 935]
[212, 1501, 212, 934]
[213, 1500, 213, 933]
[214, 1499, 214, 932]
[215, 1498, 215, 931]
[216, 1497, 216, 930]
[217, 1496, 217, 929]
[218, 1495, 218, 928]
[219, 1494, 219, 927]
[220, 1493, 220, 926]
[221, 1492, 221, 925]
[222, 1491, 222, 924]
[223, 1490, 223, 923]
[224, 1489, 224, 922]
[225, 1488, 225, 921]
[226, 1487, 226, 920]
[227, 1486, 227, 919]
[228, 1485, 228, 918]
[229, 1484, 229, 917]
[230, 1483, 230, 916]
[231, 1482, 231, 915]
[232, 1481, 232, 914]
[233, 1480, 233, 913]
[234, 1479, 234, 912]
[235, 1478, 235, 911]
[236, 1477, 236, 910]
[237, 1476, 237, 909]
[238, 1475, 238, 908]
[239, 1474, 239, 907]
[240, 1473, 240, 906]
[241, 1472, 241, 905]
[242, 1471, 242, 904]
[243, 1470, 243, 903]
[244, 1469, 244, 902]
[245, 1468, 245, 901]
[246, 1467, 246, 900]
[247, 1466, 247, 899]
[248, 1465, 248, 898]
[249, 1464, 249, 897]
[250, 1463, 250, 896]
[251, 1462, 251, 895]
[252, 1461, 252, 894]
[253, 1460, 253, 893]
[254, 1459, 254, 892]
[255, 1458, 255, 891]
[256, 1457, 256, 890]
[257, 1456, 257, 889]
[258, 1455, 258, 888]
[259, 1454, 259, 887]
[260, 1453, 260, 886]
[261, 1452, 261, 885]
[262, 1451, 262, 884]
[263, 1450, 263, 883]
[264, 1449, 264, 882]
[265, 1448, 265, 881]
[266, 1447, 266, 880]
[267, 1446, 267, 879]
[268, 1445, 268, 878]
[269, 1444, 269, 877]
[270, 1443, 270, 876]
[271, 1442, 271, 875]
[272, 1441, 272, 874]
[273, 1440, 273, 873]
[274, 1439, 274, 872]
[275, 1438, 275, 871]
[276, 1437, 276, 870]
[277, 1436, 277, 869]
[278, 1435, 278, 868]
[279, 1434, 279, 867]
[280, 1433, 280, 866]
[281, 1432, 281, 865]
[282, 1431, 282, 864]
[283, 1430, 283, 863]
[284, 1429, 284, 862]
[285, 1428, 285, 861]
[286, 1427, 286, 860]
[287, 1426, 287, 859]
[288, 1425, 288, 858]
[289, 1424, 289, 857]
[290, 1423, 290, 856]
[291, 1422, 291, 855]
[292, 1421, 292, 854]
[293, 1420, 293, 853]
[294, 1419, 294, 852]
[295, 1418, 295, 851]
[296, 1417, 296, 850]
[297, 1416, 297, 849]
[298, 1415, 298, 848]
[299, 1414, 299, 847]
[300, 1413, 300, 846]
[300, 1412, 300, 845]
[301, 1411, 301, 844]
[302, 1410, 302, 843]
[303, 1409, 303, 842]
[304, 1408, 304, 841]
[305, 1407, 305, 840]
[306, 1406, 306, 839]
[307, 1405, 307, 838]
[308, 1404, 308, 837]
[309, 1403, 309, 836]
[310, 1402, 310, 835]
[311, 1401, 311, 834]
[312, 1400, 312, 833]
[313, 1399, 313, 832]
[314, 1398, 314, 831]
[315, 1397, 315, 830]
[316, 1396, 316, 829]
[317, 1395, 317, 828]
[318, 1394, 318, 827]
[319, 1393, 319, 826]
[320, 1392, 320, 825]
[321, 1391, 321, 824]
[322, 1390, 322, 823]
[323, 1389, 323, 822]
[324, 1388, 324, 821]
[325, 1387, 325, 820]
[326, 1386, 326, 819]
[327, 1385, 327, 818]
[328, 1384, 328, 817]
[329, 1383, 329, 816]
[330, 1382, 330, 815]
[331, 1381, 331, 814]
[332, 1380, 332, 813]
[333, 1379, 333, 812]
[334, 1378, 334, 811]
[335, 1377, 335, 810]
[336, 1376, 336, 809]
[337, 1375, 337, 808]
[338, 1374, 338, 807]
[339, 1373, 339, 806]
[340, 1372, 340, 805]
[341, 1371, 341, 804]
[342, 1370, 342, 803]
[343, 1369, 343, 802]
[344, 1368, 344, 801]
[345, 1367, 345, 800]
[346, 1366, 346, 799]
[347, 1365, 347, 798]
[348, 1364, 348, 797]
[349, 1363, 349, 796]
[350, 1362, 350, 795]
[351, 1361, 351, 794]
[352, 1360, 352, 793]
[353, 1359, 353, 792]
[354, 1358, 354, 791]
[355, 1357, 355, 790]
[356, 1356, 356, 789]
[357, 1355, 357, 788]
[358, 1354, 358, 787]
[359, 1353, 359, 786]
[360, 1352, 360, 785]
[361, 1351, 361, 784]
[362, 1350, 362, 783]
[363, 1349, 363, 782]
[364, 1348, 364, 781]
[365, 1347, 365, 780]
[366, 1346, 366, 779]
[367, 1345, 367, 778]
[368, 1344, 368, 777]
[369, 1343, 369, 776]
[370, 1342, 370, 775]
[371, 1341, 371, 774]
[372, 1340, 372, 773]
[373, 1339, 373, 772]
[374, 1338, 374, 771]
[0, 1721, 0, 1154]
[1, 1720, 1, 1153]
[0, 1721, 0, 1154]
[1, 1720, 1, 1153]
[0, 1721, 0, 1154]
[1, 1720, 1, 1153]
[2, 1719, 2, 1152]
[3, 1718, 3, 1151]
[4, 1717, 4, 1150]
[5, 1716, 5, 1149]
[6, 1715, 6, 1148]
[7, 1714, 7, 1147]
[8, 1713, 8, 1146]
[9, 1712, 9, 1145]
[10, 1711, 10, 1144]
[11, 1710, 11, 1143]
[12, 1709, 12, 1142]
[13, 1708, 13, 1141]
[14, 1707, 14, 1140]
[15, 1706, 15, 1139]
[16, 1705, 16, 1138]
[17, 1704, 17, 1137]
[18, 1703, 18, 1136]
[19, 1702, 19, 1135]
[20, 1701, 20, 1134]
[21, 1700, 21, 1133]
[22, 1699, 22, 1132]
[23, 1698, 23, 1131]
[24, 1697, 24, 1130]
[25, 1696, 25, 1129]
[26, 1695, 26, 1128]
[27, 1694, 27, 1127]
[28, 1693, 28, 1126]
[29, 1692, 29, 1125]
[30, 1691, 30, 1124]
[31, 1690, 31, 1123]
[32, 1689, 32, 1122]
[33, 1688, 33, 1121]
[34, 1687, 34, 1120]
[35, 1686, 35, 1119]
[36, 1685, 36, 1118]
[37, 1684, 37, 1117]
[38, 1683, 38, 1116]
[39, 1682, 39, 1115]
[40, 1681, 40, 1114]
[41, 1680, 41, 1113]
[42, 1679, 42, 1112]
[43, 1678, 43, 1111]
[44, 1677, 44, 1110]
[45, 1676, 45, 1109]
[46, 1675, 46, 1108]
[47, 1674, 47, 1107]
[48, 1673, 48, 1106]
[49, 1672, 49, 1105]
[50, 1671, 50, 1104]
[51, 1670, 51, 1103]
[52, 1669, 52, 1102]
[53, 1668, 53, 1101]
[54, 1667, 54, 1100]
[55, 1666, 55, 1099]
[56, 1665, 56, 1098]
[57, 1664, 57, 1097]
[58, 1663, 58, 1096]
[59, 1662, 59, 1095]
[60, 1661, 60, 1094]
[61, 1660, 61, 1093]
[62, 1659, 62, 1092]
[63, 1658, 63, 1091]
[64, 1657, 64, 1090]
[65, 1656, 65, 1089]
[66, 1655, 66, 1088]
[67, 1654, 67, 1087]
[68, 1653, 68, 1086]
[69, 1652, 69, 1085]
[70, 1651, 70, 1084]
[71, 1650, 71, 1083]
[72, 1649, 72, 1082]
[73, 1648, 73, 1081]
[74, 1647, 74, 1080]
[75, 1646, 75, 1079]
[76, 1645, 76, 1078]
[77, 1644, 77, 1077]
[78, 1643, 78, 1076]
[79, 1642, 79, 1075]
[80, 1641, 80, 1074]
[81, 1640, 81, 1073]
[82, 1639, 82, 1072]
[83, 1638, 83, 1071]
[84, 1637, 84, 1070]
[85, 1636, 85, 1069]
[86, 1635, 86, 1068]
[87, 1634, 87, 1067]
[88, 1633, 88, 1066]
[89, 1632, 89, 1065]
[90, 1631, 90, 1064]
[91, 1630, 91, 1063]
[92, 1629, 92, 1062]
[93, 1628, 93, 1061]
[94, 1627, 94, 1060]
[95, 1626, 95, 1059]
[96, 1625, 96, 1058]
[97, 1624, 97, 1057]
[98, 1623, 98, 1056]
[99, 1622, 99, 1055]
[100, 1621, 100, 1054]
[101, 1620, 101, 1053]
[102, 1619, 102, 1052]
[103, 1618, 103, 1051]
[104, 1617, 104, 1050]
[105, 1616, 105, 1049]
[106, 1615, 106, 1048]
[107, 1614, 107, 1047]
[108, 1613, 108, 1046]
[109, 1612, 109, 1045]
[110, 1611, 110, 1044]
[111, 1610, 111, 1043]
[112, 1609, 112, 1042]
[113, 1608, 113, 1041]
[113, 1607, 113, 1040]
[113, 1606, 113, 1039]
[113, 1605, 113, 1038]
[113, 1604, 113, 1037]
[114, 1603, 114, 1036]
[114, 1602, 114, 1035]
[114, 1601, 114, 1034]
[114, 1600, 114, 1033]
[114, 1599, 114, 1032]
[115, 1598, 115, 1031]
[116, 1597, 116, 1030]
[117, 1596, 117, 1029]
[118, 1595, 118, 1028]
[119, 1594, 119, 1027]
[120, 1593, 120, 1026]
[121, 1592, 121, 1025]
[122, 1591, 122, 1024]
[123, 1590, 123, 1023]
[124, 1589, 124, 1022]
[125, 1588, 125, 1021]
[126, 1587, 126, 1020]
[127, 1586, 127, 1019]
[128, 1585, 128, 1018]
[129, 1584, 129, 1017]
[130, 1583, 130, 1016]
[131, 1582, 131, 1015]
[132, 1581, 132, 1014]
[133, 1580, 133, 1013]
[134, 1579, 134, 1012]
[135, 1578, 135, 1011]
[136, 1577, 136, 1010]
[137, 1576, 137, 1009]
[138, 1575, 138, 1008]
[139, 1574, 139, 1007]
[140, 1573, 140, 1006]
[141, 1572, 141, 1005]
[142, 1571, 142, 1004]
[143, 1570, 143, 1003]
[144, 1569, 144, 1002]
[145, 1568, 145, 1001]
[146, 1567, 146, 1000]
[147, 1566, 147, 999]
[148, 1565, 148, 998]
[149, 1564, 149, 997]
[150, 1563, 150, 996]
[151, 1562, 151, 995]
[152, 1561, 152, 994]
[153, 1560, 153, 993]
[154, 1559, 154, 992]
[155, 1558, 155, 991]
[156, 1557, 156, 990]
[157, 1556, 157, 989]
[158, 1555, 158, 988]
[159, 1554, 159, 987]
[160, 1553, 160, 986]
[161, 1552, 161, 985]
[162, 1551, 162, 984]
[163, 1550, 163, 983]
[164, 1549, 164, 982]
[165, 1548, 165, 981]
[166, 1547, 166, 980]
[167, 1546, 167, 979]
[168, 1545, 168, 978]
[169, 1544, 169, 977]
[170, 1543, 170, 976]
[171, 1542, 171, 975]
[172, 1541, 172, 974]
[173, 1540, 173, 973]
[174, 1539, 174, 972]
[175, 1538, 175, 971]
[176, 1537, 176, 970]
[177, 1536, 177, 969]
[178, 1535, 178, 968]
[179, 1534, 179, 967]
[180, 1533, 180, 966]
[181, 1532, 181, 965]
[182, 1531, 182, 964]
[183, 1530, 183, 963]
[184, 1529, 184, 962]
[185, 1528, 185, 961]
[186, 1527, 186, 960]
[187, 1526, 187, 959]
[188, 1525, 188, 958]
[189, 1524, 189, 957]
[190, 1523, 190, 956]
[191, 1522, 191, 955]
[192, 1521, 192, 954]
[193, 1520, 193, 953]
[194, 1519, 194, 952]
[195, 1518, 195, 951]
[196, 1517, 196, 950]
[197, 1516, 197, 949]
[198, 1515, 198, 948]
[199, 1514, 199, 947]
[200, 1513, 200, 946]
[201, 1512, 201, 945]
[202, 1511, 202, 944]
[203, 1510, 203, 943]
[204, 1509, 204, 942]
[205, 1508, 205, 941]
[206, 1507, 206, 940]
[207, 1506, 207, 939]
[208, 1505, 208, 938]
[209, 1504, 209, 937]
[210, 1503, 210, 936]
[211, 1502, 211, 935]
[212, 1501, 212, 934]
[213, 1500, 213, 933]
[214, 1499, 214, 932]
[215, 1498, 215, 931]
[216, 1497, 216, 930]
[217, 1496, 217, 929]
[218, 1495, 218, 928]
[219, 1494, 219, 927]
[220, 1493, 220, 926]
[221, 1492, 221, 925]
[222, 1491, 222, 924]
[223, 1490, 223, 923]
[224, 1489, 224, 922]
[225, 1488, 225, 921]
[226, 1487, 226, 920]
[227, 1486, 227, 919]
[228, 1485, 228, 918]
[229, 1484, 229, 917]
[230, 1483, 230, 916]
[231, 1482, 231, 915]
[232, 1481, 232, 914]
[233, 1480, 233, 913]
[234, 1479, 234, 912]
[235, 1478, 235, 911]
[236, 1477, 236, 910]
[237, 1476, 237, 909]
[238, 1475, 238, 908]
[239, 1474, 239, 907]
[240, 1473, 240, 906]
[241, 1472, 241, 905]
[242, 1471, 242, 904]
[243, 1470, 243, 903]
[244, 1469, 244, 902]
[245, 1468, 245, 901]
[246, 1467, 246, 900]
[247, 1466, 247, 899]
[248, 1465, 248, 898]
[249, 1464, 249, 897]
[250, 1463, 250, 896]
[251, 1462, 251, 895]
[252, 1461, 252, 894]
[253, 1460, 253, 893]
[254, 1459, 254, 892]
[255, 1458, 255, 891]
[256, 1457, 256, 890]
[257, 1456, 257, 889]
[258, 1455, 258, 888]
[259, 1454, 259, 887]
[260, 1453, 260, 886]
[261, 1452, 261, 885]
[262, 1451, 262, 884]
[263, 1450, 263, 883]
[264, 1449, 264, 882]
[265, 1448, 265, 881]
[266, 1447, 266, 880]
[267, 1446, 267, 879]
[268, 1445, 268, 878]
[269, 1444, 269, 877]
[270, 1443, 270, 876]
[271, 1442, 271, 875]
[272, 1441, 272, 874]
[273, 1440, 273, 873]
[274, 1439, 274, 872]
[275, 1438, 275, 871]
[276, 1437, 276, 870]
[277, 1436, 277, 869]
[278, 1435, 278, 868]
[279, 1434, 279, 867]
[280, 1433, 280, 866]
[281, 1432, 281, 865]
[282, 1431, 282, 864]
[283, 1430, 283, 863]
[284, 1429, 284, 862]
[285, 1428, 285, 861]
[286, 1427, 286, 860]
[287, 1426, 287, 859]
[288, 1425, 288, 858]
[289, 1424, 289, 857]
[290, 1423, 290, 856]
[291, 1422, 291, 855]
[292, 1421, 292, 854]
[293, 1420, 293, 853]
[294, 1419, 294, 852]
[295, 1418, 295, 851]
[296, 1417, 296, 850]
[297, 1416, 297, 849]
[298, 1415, 298, 848]
[299, 1414, 299, 847]
[300, 1413, 300, 846]
[300, 1412, 300, 845]
[301, 1411, 301, 844]
[302, 1410, 302, 843]
[303, 1409, 303, 842]
[304, 1408, 304, 841]
[305, 1407, 305, 840]
[306, 1406, 306, 839]
[307, 1405, 307, 838]
[308, 1404, 308, 837]
[309, 1403, 309, 836]
[310, 1402, 310, 835]
[311, 1401, 311, 834]
[312, 1400, 312, 833]
[313, 1399, 313, 832]
[314, 1398, 314, 831]
[315, 1397, 315, 830]
[316, 1396, 316, 829]
[317, 1395, 317, 828]
[318, 1394, 318, 827]
[319, 1393, 319, 826]
[320, 1392, 320, 825]
[321, 1391, 321, 824]
[322, 1390, 322, 823]
[323, 1389, 323, 822]
[324, 1388, 324, 821]
[325, 1387, 325, 820]
[326, 1386, 326, 819]
[327, 1385, 327, 818]
[328, 1384, 328, 817]
[329, 1383, 329, 816]
[330, 1382, 330, 815]
[331, 1381, 331, 814]
[332, 1380, 332, 813]
[333, 1379, 333, 812]
[334, 1378, 334, 811]
[335, 1377, 335, 810]
[336, 1376, 336, 809]
[337, 1375, 337, 808]
[338, 1374, 338, 807]
[339, 1373, 339, 806]
[340, 1372, 340, 805]
[341, 1371, 341, 804]
[342, 1370, 342, 803]
[343, 1369, 343, 802]
[344, 1368, 344, 801]
[345, 1367, 345, 800]
[346, 1366, 346, 799]
[347, 1365, 347, 798]
[348, 1364, 348, 797]
[349, 1363, 349, 796]
[350, 1362, 350, 795]
[351, 1361, 351, 794]
[352, 1360, 352, 793]
[353, 1359, 353, 792]
[354, 1358, 354, 791]
[355, 1357, 355, 790]
[356, 1356, 356, 789]
[357, 1355, 357, 788]
[358, 1354, 358, 787]
[359, 1353, 359, 786]
[360, 1352, 360, 785]
[361, 1351, 361, 784]
[362, 1350, 362, 783]
[363, 1349, 363, 782]
[364, 1348, 364, 781]
[365, 1347, 365, 780]
[366, 1346, 366, 779]
[367, 1345, 367, 778]
[368, 1344, 368, 777]
[369, 1343, 369, 776]
[370, 1342, 370, 775]
[371, 1341, 371, 774]
[372, 1340, 372, 773]
[373, 1339, 373, 772]
[374, 1338, 374, 771]
[375, 1337, 375, 770]
[376, 1336, 376, 769]
[377, 1335, 377, 768]
[378, 1334, 378, 767]
[379, 1333, 379, 766]
[380, 1332, 380, 765]
[381, 1331, 381, 764]
[382, 1330, 382, 763]
[383, 1329, 383, 762]
[384, 1328, 384, 761]
[385, 1327, 385, 760]
[386, 1326, 386, 759]
[387, 1325, 387, 758]
[388, 1324, 388, 757]
[389, 1323, 389, 756]
[390, 1322, 390, 755]
[391, 1321, 391, 754]
[392, 1320, 392, 753]
[393, 1319, 393, 752]
[394, 1318, 394, 751]
[395, 1317, 395, 750]
[396, 1316, 396, 749]
[397, 1315, 397, 748]
[398, 1314, 398, 747]
[399, 1313, 399, 746]
[400, 1312, 400, 745]
[401, 1311, 401, 744]
[402, 1310, 402, 743]
[403, 1309, 403, 742]
[404, 1308, 404, 741]
[405, 1307, 405, 740]
[406, 1306, 406, 739]
[407, 1305, 407, 738]
[408, 1304, 408, 737]
[409, 1303, 409, 736]
[410, 1302, 410, 735]
[411, 1301, 411, 734]
[412, 1300, 412, 733]
[413, 1299, 413, 732]
[414, 1298, 414, 731]
[415, 1297, 415, 730]
[416, 1296, 416, 729]
[417, 1295, 417, 728]
[418, 1294, 418, 727]
[419, 1293, 419, 726]
[420, 1292, 420, 725]
[421, 1291, 421, 724]
[422, 1290, 422, 723]
[422, 1289, 422, 722]
[422, 1288, 422, 721]
[423, 1287, 423, 720]
[424, 1286, 424, 719]
[424, 1285, 424, 718]
[424, 1284, 424, 717]
[424, 1283, 424, 716]
[424, 1282, 424, 715]
[425, 1281, 425, 714]
[426, 1280, 426, 713]
[427, 1279, 427, 712]
[428, 1278, 428, 711]
[429, 1277, 429, 710]
[430, 1276, 430, 709]
[431, 1275, 431, 708]
[432, 1274, 432, 707]
[433, 1273, 433, 706]
[434, 1272, 434, 705]
[435, 1271, 435, 704]
[436, 1270, 436, 703]
[437, 1269, 437, 702]
[438, 1268, 438, 701]
[439, 1267, 439, 700]
[440, 1266, 440, 699]
[441, 1265, 441, 698]
[442, 1264, 442, 697]
[443, 1263, 443, 696]
[444, 1262, 444, 695]
[445, 1261, 445, 694]
[446, 1260, 446, 693]
[447, 1259, 447, 692]
[448, 1258, 448, 691]
[449, 1257, 449, 690]
[450, 1256, 450, 689]
[451, 1255, 451, 688]
[452, 1254, 452, 687]
[453, 1253, 453, 686]
[454, 1252, 454, 685]
[455, 1251, 455, 684]
[456, 1250, 456, 683]
[457, 1249, 457, 682]
[458, 1248, 458, 681]
[459, 1247, 459, 680]
[460, 1246, 460, 679]
[461, 1245, 461, 678]
[462, 1244, 462, 677]
[463, 1243, 463, 676]
[464, 1242, 464, 675]
[465, 1241, 465, 674]
[466, 1240, 466, 673]
[467, 1239, 467, 672]
[468, 1238, 468, 671]
[469, 1237, 469, 670]
[470, 1236, 470, 669]
[471, 1235, 471, 668]
[472, 1234, 472, 667]
[473, 1233, 473, 666]
[474, 1232, 474, 665]
[475, 1231, 475, 664]
[476, 1230, 476, 663]
[477, 1229, 477, 662]
[478, 1228, 478, 661]
[479, 1227, 479, 660]
[480, 1226, 480, 659]
[481, 1225, 481, 658]
[482, 1224, 482, 657]
[483, 1223, 483, 656]
[484, 1222, 484, 655]
[485, 1221, 485, 654]
[486, 1220, 486, 653]
[487, 1219, 487, 652]
[488, 1218, 488, 651]
[489, 1217, 489, 650]
[490, 1216, 490, 649]
[491, 1215, 491, 648]
[492, 1214, 492, 647]
[493, 1213, 493, 646]
[494, 1212, 494, 645]
[495, 1211, 495, 644]
[496, 1210, 496, 643]
[497, 1209, 497, 642]
[498, 1208, 498, 641]
[499, 1207, 499, 640]
[500, 1206, 500, 639]
[501, 1205, 501, 638]
[502, 1204, 502, 637]
[503, 1203, 503, 636]
[504, 1202, 504, 635]
[505, 1201, 505, 634]
[506, 1200, 506, 633]
[507, 1199, 507, 632]
[508, 1198, 508, 631]
[509, 1197, 509, 630]
[510, 1196, 510, 629]
[511, 1195, 511, 628]
[512, 1194, 512, 627]
[513, 1193, 513, 626]
[514, 1192, 514, 625]
[515, 1191, 515, 624]
[516, 1190, 516, 623]
[517, 1189, 517, 622]
[518, 1188, 518, 621]
[519, 1187, 519, 620]
[520, 1186, 520, 619]
[521, 1185, 521, 618]
[522, 1184, 522, 617]
[523, 1183, 523, 616]
[524, 1182, 524, 615]
[525, 1181, 525, 614]
[526, 1180, 526, 613]
[527, 1179, 527, 612]
[528, 1178, 528, 611]
[529, 1177, 529, 610]
[530, 1176, 530, 609]
[531, 1175, 531, 608]
[532, 1174, 532, 607]
[533, 1173, 533, 606]
[534, 1172, 534, 605]
[535, 1171, 535, 604]
[536, 1170, 536, 603]
[537, 1169, 537, 602]
[538, 1168, 538, 601]
[539, 1167, 539, 600]
[540, 1166, 540, 599]
[541, 1165, 541, 598]
[542, 1164, 542, 597]
[543, 1163, 543, 596]
[544, 1162, 544, 595]
[545, 1161, 545, 594]
[546, 1160, 546, 593]
[547, 1159, 547, 592]
[548, 1158, 548, 591]
[549, 1157, 549, 590]
[550, 1156, 550, 589]
[551, 1155, 551, 588]
[552, 1154, 552, 587]
[553, 1153, 553, 586]
[554, 1152, 554, 585]
[555, 1151, 555, 584]
[556, 1150, 556, 583]
[557, 1149, 557, 582]
[558, 1148, 558, 581]
[559, 1147, 559, 580]
[560, 1146, 560, 579]
[561, 1145, 561, 578]
[562, 1144, 562, 577]
[563, 1143, 563, 576]
[564, 1142, 564, 575]
[565, 1141, 565, 574]
[566, 1140, 566, 573]
[567, 1139, 567, 572]
[568, 1138, 568, 571]
[569, 1137, 569, 570]
[570, 1136, 570, 569]
[571, 1135, 571, 568]
[572, 1134, 572, 567]
[573, 1133, 573, 566]
[574, 1132, 574, 565]
[575, 1131, 575, 564]
[576, 1130, 576, 563]
[577, 1129, 577, 562]
[578, 1128, 578, 561]
[579, 1127, 579, 560]
[580, 1126, 580, 559]
[581, 1125, 581, 558]
[582, 1124, 582, 557]
[583, 1123, 583, 556]
[584, 1122, 584, 555]
[585, 1121, 585, 554]
[586, 1120, 586, 553]
[587, 1119, 587, 552]
[588, 1118, 588, 551]
[589, 1117, 589, 550]
[590, 1116, 590, 549]
[591, 1115, 591, 548]
[592, 1114, 592, 547]
[593, 1113, 593, 546]
[594, 1112, 594, 545]
[595, 1111, 595, 544]
[596, 1110, 596, 543]
[597, 1109, 597, 542]
[598, 1108, 598, 541]
[599, 1107, 599, 540]
[600, 1106, 600, 539]
[601, 1105, 601, 538]
[602, 1104, 602, 537]
[603, 1103, 603, 536]
[604, 1102, 604, 535]
[605, 1101, 605, 534]
[606, 1100, 606, 533]
[607, 1099, 607, 532]
[608, 1098, 608, 531]
[609, 1097, 609, 530]
[610, 1096, 610, 529]
[611, 1095, 611, 528]
[612, 1094, 612, 527]
[613, 1093, 613, 526]
[614, 1092, 614, 525]
[615, 1091, 615, 524]
[616, 1090, 616, 523]
[617, 1089, 617, 522]
[618, 1088, 618, 521]
[619, 1087, 619, 520]
[620, 1086, 620, 519]
[621, 1085, 621, 518]
[622, 1084, 622, 517]
[623, 1083, 623, 516]
[624, 1082, 624, 515]
[625, 1081, 625, 514]
[626, 1080, 626, 513]
[627, 1079, 627, 512]
[628, 1078, 628, 511]
[629, 1077, 629, 510]
[630, 1076, 630, 509]
[631, 1075, 631, 508]
[632, 1074, 632, 507]
[633, 1073, 633, 506]
[634, 1072, 634, 505]
[635, 1071, 635, 504]
[636, 1070, 636, 503]
[637, 1069, 637, 502]
[638, 1068, 638, 501]
[639, 1067, 639, 500]
[640, 1066, 640, 499]
[641, 1065, 641, 498]
[642, 1064, 642, 497]
[643, 1063, 643, 496]
[644, 1062, 644, 495]
[645, 1061, 645, 494]
[646, 1060, 646, 493]
[647, 1059, 647, 492]
[648, 1058, 648, 491]
[649, 1057, 649, 490]
[650, 1056, 650, 489]
[651, 1055, 651, 488]
[652, 1054, 652, 487]
[653, 1053, 653, 486]
[654, 1052, 654, 485]
[655, 1051, 655, 484]
[656, 1050, 656, 483]
[657, 1049, 657, 482]
[658, 1048, 658, 481]
[659, 1047, 659, 480]
[660, 1046, 660, 479]
[661, 1045, 661, 478]
[662, 1044, 662, 477]
[663, 1043, 663, 476]
[664, 1042, 664, 475]
[665, 1041, 665, 474]
[666, 1040, 666, 473]
[667, 1039, 667, 472]
[668, 1038, 668, 471]
[669, 1037, 669, 470]
[670, 1036, 670, 469]
[671, 1035, 671, 468]
[672, 1034, 672, 467]
[673, 1033, 673, 466]
[674, 1032, 674, 465]
[675, 1031, 675, 464]
[676, 1030, 676, 463]
[677, 1029, 677, 462]
[678, 1028, 678, 461]
[679, 1027, 679, 460]
[680, 1026, 680, 459]
[681, 1025, 681, 458]
[682, 1024, 682, 457]
[683, 1023, 683, 456]
[684, 1022, 684, 455]
[685, 1021, 685, 454]
[686, 1020, 686, 453]
[687, 1019, 687, 452]
[688, 1018, 688, 451]
[689, 1017, 689, 450]
[690, 1016, 690, 449]
[691, 1015, 691, 448]
[692, 1014, 692, 447]
[693, 1013, 693, 446]
[694, 1012, 694, 445]
[695, 1011, 695, 444]
[695, 1010, 695, 443]
[696, 1009, 696, 442]
[697, 1008, 697, 441]
[698, 1007, 698, 440]
[699, 1006, 699, 439]
[700, 1005, 700, 438]
[701, 1004, 701, 437]
[702, 1003, 702, 436]
[703, 1002, 703, 435]
[704, 1001, 704, 434]
[705, 1000, 705, 433]
[706, 999, 706, 432]
[707, 998, 707, 431]
[708, 997, 708, 430]
[709, 996, 709, 429]
[710, 995, 710, 428]
[711, 994, 711, 427]
[712, 993, 712, 426]
[713, 992, 713, 425]
[714, 991, 714, 424]
[715, 990, 715, 423]
[716, 989, 716, 422]
[717, 988, 717, 421]
[718, 987, 718, 420]
[719, 986, 719, 419]
[0, 1721, 0, 1154]
[1, 1720, 1, 1153]
[2, 1719, 2, 1152]
[3, 1718, 3, 1151]
[4, 1717, 4, 1150]
[5, 1716, 5, 1149]
[6, 1715, 6, 1148]
[7, 1714, 7, 1147]
[8, 1713, 8, 1146]
[9, 1712, 9, 1145]
[10, 1711, 10, 1144]
[11, 1710, 11, 1143]
[12, 1709, 12, 1142]
[13, 1708, 13, 1141]
[14, 1707, 14, 1140]
[15, 1706, 15, 1139]
[16, 1705, 16, 1138]
[17, 1704, 17, 1137]
[18, 1703, 18, 1136]
[19, 1702, 19, 1135]
[20, 1701, 20, 1134]
[21, 1700, 21, 1133]
[22, 1699, 22, 1132]
[23, 1698, 23, 1131]
[24, 1697, 24, 1130]
[25, 1696, 25, 1129]
[26, 1695, 26, 1128]
[27, 1694, 27, 1127]
[28, 1693, 28, 1126]
[29, 1692, 29, 1125]
[30, 1691, 30, 1124]
[31, 1690, 31, 1123]
[32, 1689, 32, 1122]
[33, 1688, 33, 1121]
[34, 1687, 34, 1120]
[35, 1686, 35, 1119]
[36, 1685, 36, 1118]
[37, 1684, 37, 1117]
[38, 1683, 38, 1116]
[39, 1682, 39, 1115]
[40, 1681, 40, 1114]
[41, 1680, 41, 1113]
[42, 1679, 42, 1112]
[43, 1678, 43, 1111]
[44, 1677, 44, 1110]
[45, 1676, 45, 1109]
[46, 1675, 46, 1108]
[47, 1674, 47, 1107]
[48, 1673, 48, 1106]
[49, 1672, 49, 1105]
[50, 1671, 50, 1104]
[51, 1670, 51, 1103]
[52, 1669, 52, 1102]
[53, 1668, 53, 1101]
[54, 1667, 54, 1100]
[55, 1666, 55, 1099]
[56, 1665, 56, 1098]
[57, 1664, 57, 1097]
[58, 1663, 58, 1096]
[59, 1662, 59, 1095]
[60, 1661, 60, 1094]
[61, 1660, 61, 1093]
[62, 1659, 62, 1092]
[63, 1658, 63, 1091]
[64, 1657, 64, 1090]
[65, 1656, 65, 1089]
[66, 1655, 66, 1088]
[67, 1654, 67, 1087]
[68, 1653, 68, 1086]
[69, 1652, 69, 1085]
[70, 1651, 70, 1084]
[71, 1650, 71, 1083]
[72, 1649, 72, 1082]
[73, 1648, 73, 1081]
[74, 1647, 74, 1080]
[75, 1646, 75, 1079]
[76, 1645, 76, 1078]
[77, 1644, 77, 1077]
[78, 1643, 78, 1076]
[79, 1642, 79, 1075]
[80, 1641, 80, 1074]
[81, 1640, 81, 1073]
[82, 1639, 82, 1072]
[83, 1638, 83, 1071]
[84, 1637, 84, 1070]
[85, 1636, 85, 1069]
[86, 1635, 86, 1068]
[87, 1634, 87, 1067]
[88, 1633, 88, 1066]
[89, 1632, 89, 1065]
[90, 1631, 90, 1064]
[91, 1630, 91, 1063]
[92, 1629, 92, 1062]
[93, 1628, 93, 1061]
[94, 1627, 94, 1060]
[95, 1626, 95, 1059]
[96, 1625, 96, 1058]
[97, 1624, 97, 1057]
[0, 1721, 0, 1154]
[1, 1720, 1, 1153]
[2, 1719, 2, 1152]
[3, 1718, 3, 1151]
[4, 1717, 4, 1150]
[5, 1716, 5, 1149]
[6, 1715, 6, 1148]
[7, 1714, 7, 1147]
[8, 1713, 8, 1146]
[9, 1712, 9, 1145]
[10, 1711, 10, 1144]
[11, 1710, 11, 1143]
[12, 1709, 12, 1142]
[13, 1708, 13, 1141]
[14, 1707, 14, 1140]
[15, 1706, 15, 1139]
[16, 1705, 16, 1138]
[17, 1704, 17, 1137]
[18, 1703, 18, 1136]
[19, 1702, 19, 1135]
[20, 1701, 20, 1134]
[21, 1700, 21, 1133]
[22, 1699, 22, 1132]
[23, 1698, 23, 1131]
[24, 1697, 24, 1130]
[25, 1696, 25, 1129]
[26, 1695, 26, 1128]
[27, 1694, 27, 1127]
[28, 1693, 28, 1126]
[29, 1692, 29, 1125]
[30, 1691, 30, 1124]
[31, 1690, 31, 1123]
[32, 1689, 32, 1122]
[33, 1688, 33, 1121]
[34, 1687, 34, 1120]
[35, 1686, 35, 1119]
[36, 1685, 36, 1118]
[37, 1684, 37, 1117]
[38, 1683, 38, 1116]
[39, 1682, 39, 1115]
[40, 1681, 40, 1114]
[41, 1680, 41, 1113]
[42, 1679, 42, 1112]
[43, 1678, 43, 1111]
[44, 1677, 44, 1110]
[45, 1676, 45, 1109]
[46, 1675, 46, 1108]
[47, 1674, 47, 1107]
[48, 1673, 48, 1106]
[49, 1672, 49, 1105]
[50, 1671, 50, 1104]
[51, 1670, 51, 1103]
[52, 1669, 52, 1102]
[53, 1668, 53, 1101]
[54, 1667, 54, 1100]
[55, 1666, 55, 1099]
[56, 1665, 56, 1098]
[57, 1664, 57, 1097]
[58, 1663, 58, 1096]
[59, 1662, 59, 1095]
[60, 1661, 60, 1094]
[61, 1660, 61, 1093]
[62, 1659, 62, 1092]
[63, 1658, 63, 1091]
[64, 1657, 64, 1090]
[65, 1656, 65, 1089]
[66, 1655, 66, 1088]
[67, 1654, 67, 1087]
[68, 1653, 68, 1086]
[69, 1652, 69, 1085]
[70, 1651, 70, 1084]
[71, 1650, 71, 1083]
[72, 1649, 72, 1082]
[73, 1648, 73, 1081]
[74, 1647, 74, 1080]
[75, 1646, 75, 1079]
[76, 1645, 76, 1078]
[77, 1644, 77, 1077]
[78, 1643, 78, 1076]
[79, 1642, 79, 1075]
[80, 1641, 80, 1074]
[81, 1640, 81, 1073]
[82, 1639, 82, 1072]
[83, 1638, 83, 1071]
[84, 1637, 84, 1070]
[85, 1636, 85, 1069]
[86, 1635, 86, 1068]
[87, 1634, 87, 1067]
[88, 1633, 88, 1066]
[89, 1632, 89, 1065]
[90, 1631, 90, 1064]
[91, 1630, 91, 1063]
[92, 1629, 92, 1062]
[93, 1628, 93, 1061]
[94, 1627, 94, 1060]
[95, 1626, 95, 1059]
[96, 1625, 96, 1058]
[97, 1624, 97, 1057]
[98, 1623, 98, 1056]
[99, 1622, 99, 1055]
[100, 1621, 100, 1054]
[101, 1620, 101, 1053]
[102, 1619, 102, 1052]
[103, 1618, 103, 1051]
[104, 1617, 104, 1050]
[105, 1616, 105, 1049]
[106, 1615, 106, 1048]
[107, 1614, 107, 1047]
[108, 1613, 108, 1046]
[109, 1612, 109, 1045]
[110, 1611, 110, 1044]
[111, 1610, 111, 1043]
[112, 1609, 112, 1042]
[113, 1608, 113, 1041]
[113, 1607, 113, 1040]
[113, 1606, 113, 1039]
[113, 1605, 113, 1038]
[113, 1604, 113, 1037]
[114, 1603, 114, 1036]
[114, 1602, 114, 1035]
[114, 1601, 114, 1034]
[114, 1600, 114, 1033]
[114, 1599, 114, 1032]
[115, 1598, 115, 1031]
[116, 1597, 116, 1030]
[117, 1596, 117, 1029]
[118, 1595, 118, 1028]
[119, 1594, 119, 1027]
[120, 1593, 120, 1026]
[121, 1592, 121, 1025]
[122, 1591, 122, 1024]
[123, 1590, 123, 1023]
[124, 1589, 124, 1022]
[125, 1588, 125, 1021]
[126, 1587, 126, 1020]
[127, 1586, 127, 1019]
[128, 1585, 128, 1018]
[129, 1584, 129, 1017]
[130, 1583, 130, 1016]
[131, 1582, 131, 1015]
[132, 1581, 132, 1014]
[133, 1580, 133, 1013]
[134, 1579, 134, 1012]
[135, 1578, 135, 1011]
[136, 1577, 136, 1010]
[137, 1576, 137, 1009]
[138, 1575, 138, 1008]
[139, 1574, 139, 1007]
[140, 1573, 140, 1006]
[141, 1572, 141, 1005]
[142, 1571, 142, 1004]
[143, 1570, 143, 1003]
[144, 1569, 144, 1002]
[145, 1568, 145, 1001]
[146, 1567, 146, 1000]
[147, 1566, 147, 999]
[148, 1565, 148, 998]
[149, 1564, 149, 997]
[150, 1563, 150, 996]
[151, 1562, 151, 995]
[152, 1561, 152, 994]
[153, 1560, 153, 993]
[154, 1559, 154, 992]
[155, 1558, 155, 991]
[156, 1557, 156, 990]
[157, 1556, 157, 989]
[158, 1555, 158, 988]
[159, 1554, 159, 987]
[160, 1553, 160, 986]
[161, 1552, 161, 985]
[162, 1551, 162, 984]
[163, 1550, 163, 983]
[164, 1549, 164, 982]
[165, 1548, 165, 981]
[166, 1547, 166, 980]
[167, 1546, 167, 979]
[168, 1545, 168, 978]
[169, 1544, 169, 977]
[170, 1543, 170, 976]
[171, 1542, 171, 975]
[172, 1541, 172, 974]
[173, 1540, 173, 973]
[174, 1539, 174, 972]
[175, 1538, 175, 971]
[176, 1537, 176, 970]
[177, 1536, 177, 969]
[178, 1535, 178, 968]
[179, 1534, 179, 967]
[180, 1533, 180, 966]
[181, 1532, 181, 965]
[182, 1531, 182, 964]
[183, 1530, 183, 963]
[184, 1529, 184, 962]
[185, 1528, 185, 961]
[186, 1527, 186, 960]
[187, 1526, 187, 959]
[188, 1525, 188, 958]
[189, 1524, 189, 957]
[190, 1523, 190, 956]
[191, 1522, 191, 955]
[192, 1521, 192, 954]
[193, 1520, 193, 953]
[194, 1519, 194, 952]
[195, 1518, 195, 951]
[196, 1517, 196, 950]
[197, 1516, 197, 949]
[198, 1515, 198, 948]
[199, 1514, 199, 947]
[200, 1513, 200, 946]
[201, 1512, 201, 945]
[202, 1511, 202, 944]
[203, 1510, 203, 943]
[204, 1509, 204, 942]
[205, 1508, 205, 941]
[206, 1507, 206, 940]
[207, 1506, 207, 939]
[208, 1505, 208, 938]
[209, 1504, 209, 937]
[210, 1503, 210, 936]
[211, 1502, 211, 935]
[212, 1501, 212, 934]
[213, 1500, 213, 933]
[214, 1499, 214, 932]
[215, 1498, 215, 931]
[216, 1497, 216, 930]
[217, 1496, 217, 929]
[218, 1495, 218, 928]
[219, 1494, 219, 927]
[220, 1493, 220, 926]
[221, 1492, 221, 925]
[222, 1491, 222, 924]
[223, 1490, 223, 923]
[224, 1489, 224, 922]
[225, 1488, 225, 921]
[226, 1487, 226, 920]
[227, 1486, 227, 919]
[228, 1485, 228, 918]
[229, 1484, 229, 917]
[230, 1483, 230, 916]
[231, 1482, 231, 915]
[232, 1481, 232, 914]
[233, 1480, 233, 913]
[234, 1479, 234, 912]
[235, 1478, 235, 911]
[236, 1477, 236, 910]
[237, 1476, 237, 909]
[238, 1475, 238, 908]
[239, 1474, 239, 907]
[240, 1473, 240, 906]
[241, 1472, 241, 905]
[242, 1471, 242, 904]
